14.134725
21.022040
25.010858
30.424876
32.935062
37.586178
40.918719
43.327073
48.005150
49.773832
52.970322
56.446247
59.347044
60.831780
65.112545
67.079811
69.546401
72.067158
75.704690
77.144840
79.337376
82.910381
84.735493
87.425274
88.809112
92.491899
94.651344
95.870634
98.831194
101.317851
103.725538
105.446623
107.168612
111.029535
111.874659
115.584977
118.790783
121.370125
122.946830
124.256819
127.516683
129.578704
131.087689
133.497738
134.756509
138.116042
139.736209
141.123707
143.111845
146.000983
147.422765
150.053520
150.925257
153.024694
156.112909
157.597591
158.849988
161.188964
163.030709
165.537069
167.184441
169.094515
169.911976
173.411537
174.754191
176.441434
178.377407
179.916484
182.207078
184.874468
185.598783
187.228922
189.416158
192.026656
193.079726
195.265398
196.876481
198.015309
201.264751
202.493594
204.189919
205.394697
207.906258
209.576509
211.690862
213.347919
214.547045
216.169538
219.067596
220.714918
221.430705
224.007000
224.983723
227.421444
229.337414
231.250188
233.693405
236.524229
237.769820
239.555448
